 To=    100.0000    
           2           3
         302
 Branch Grid Discharge Level Bottom level
           1           1   3531.385       93.32720       87.00000    
           1           2   3531.385       93.25428       86.98400    
           1           3   3531.385       93.19909       86.96800    
           1           4   3531.385       93.15660       86.95200    
           1           5   3531.385       93.12331       86.93600    
           1           6   3531.384       93.09676       86.92000    
           1           7   3531.383       93.07527       86.90400    
           1           8   3531.383       93.05762       86.88800    
           1           9   3531.385       93.04292       86.87200    
           1          10   3531.385       93.03054       86.85600    
           1          11   3531.387       93.02000       86.84000    
           1          12   3531.388       93.01094       86.82400    
           1          13   3531.388       93.00309       86.80800    
           1          14   3531.388       92.99643       86.79200    
           2           1   4321.388       92.99643       86.79200    
           2           2   4321.388       92.98794       86.77600    
           2           3   4321.388       92.98041       86.76000    
           2           4   4321.387       92.97369       86.74400    
           2           5   4321.386       92.96767       86.72801    
           2           6   4321.388       92.96223       86.71201    
           2           7   4321.390       92.95733       86.69601    
           2           8   4321.389       92.95287       86.68000    
           2           9   4321.388       92.94879       86.66399    
           2          10   4321.389       92.94506       86.64799    
           2          11   4321.389       92.94164       86.63199    
           2          12   4321.389       92.93848       86.61600    
           2          13   4321.389       92.93494       86.53164    
           2          14   4321.389       92.93132       86.44728    
           2          15   4321.389       92.92762       86.36293    
           2          16   4321.388       92.92383       86.27857    
           2          17   4321.387       92.91969       86.17143    
           2          18   4321.387       92.91531       86.06429    
           2          19   4321.386       92.91064       85.95715    
           2          20   4321.384       92.90565       85.85000    
           2          21   4321.385       92.90034       85.74286    
           2          22   4321.386       92.89465       85.63571    
           2          23   4321.388       92.88856       85.52856    
           2          24   4321.390       92.88201       85.42142    
           2          25   4321.390       92.87498       85.31428    
           2          26   4321.388       92.86739       85.20714    
           2          27   4321.388       92.85920       85.09999    
           2          28   4321.388       92.85033       84.99285    
           2          29   4321.388       92.84068       84.88571    
           2          30   4321.387       92.83018       84.77857    
           2          31   4321.386       92.81871       84.67143    
           2          32   4321.387       92.80613       84.56429    
           2          33   4321.387       92.79228       84.45715    
           2          34   4321.388       92.77698       84.35001    
           2          35   4321.390       92.75999       84.24286    
           2          36   4321.390       92.74104       84.13571    
           2          37   4321.391       92.71975       84.02857    
           2          38   4321.391       92.69570       83.92143    
           2          39   4321.390       92.66830       83.81429    
           2          40   4321.389       92.63680       83.70715    
           2          41   4321.389       92.60491       83.61662    
           2          42   4321.388       92.57265       83.52608    
           2          43   4321.389       92.54001       83.43554    
           2          44   4321.388       92.50695       83.34500    
           2          45   4321.389       92.47595       83.26000    
           2          46   4321.389       92.44704       83.17500    
           2          47   4321.388       92.41924       83.09000    
           2          48   4321.387       92.39254       83.00500    
           2          49   4321.386       92.36691       82.92000    
           2          50   4321.386       92.34232       82.83500    
           2          51   4321.386       92.31873       82.75000    
           2          52   4321.387       92.29613       82.66500    
           2          53   4321.388       92.27448       82.58000    
           2          54   4321.389       92.25375       82.49500    
           2          55   4321.390       92.23389       82.41000    
           2          56   4321.392       92.21490       82.32500    
           2          57   4321.391       92.19673       82.24000    
           2          58   4321.390       92.17934       82.15500    
           2          59   4321.389       92.16271       82.07000    
           2          60   4321.389       92.14681       81.98500    
           2          61   4321.389       92.13161       81.90000    
           2          62   4321.389       92.11707       81.81500    
           2          63   4321.391       92.10316       81.73000    
           2          64   4321.392       92.08987       81.64500    
           2          65   4321.392       92.07716       81.56000    
           2          66   4321.392       92.06499       81.47500    
           2          67   4321.392       92.05337       81.39000    
           2          68   4321.392       92.04224       81.30500    
           2          69   4321.391       92.03161       81.21999    
           2          70   4321.389       92.02142       81.13499    
           2          71   4321.389       92.01168       81.04999    
           2          72   4321.388       92.00236       80.96500    
           2          73   4321.388       91.99371       80.88000    
           2          74   4321.388       91.98569       80.79500    
           2          75   4321.388       91.97803       80.71000    
           2          76   4321.389       91.97069       80.62500    
           2          77   4321.389       91.96365       80.54000    
           2          78   4321.389       91.95692       80.45500    
           2          79   4321.388       91.95046       80.37000    
           2          80   4321.387       91.94428       80.28500    
           2          81   4321.386       91.93844       80.39626    
           2          82   4321.385       91.93264       80.50751    
           2          83   4321.386       91.92689       80.61876    
           2          84   4321.386       91.92118       80.73000    
           2          85   4321.387       91.91555       80.90666    
           2          86   4321.389       91.90993       81.08333    
           2          87   4321.390       91.90433       81.25999    
           2          88   4321.391       91.89875       81.43666    
           2          89   4321.391       91.89320       81.61333    
           2          90   4321.390       91.88770       81.78999    
           2          91   4321.386       91.88223       81.96666    
           2          92   4321.386       91.87679       82.14333    
           2          93   4321.388       91.87142       82.32001    
           2          94   4321.388       91.86610       82.49667    
           2          95   4321.389       91.86082       82.67334    
           2          96   4321.390       91.85561       82.85000    
           2          97   4321.390       91.85045       83.02666    
           2          98   4321.391       91.84534       83.20333    
           2          99   4321.394       91.84029       83.38000    
           2         100   4321.395       91.83531       83.55666    
           2         101   4321.393       91.83039       83.73334    
           2         102   4321.389       91.82552       83.91000    
           2         103   4321.386       91.82071       84.08667    
           2         104   4321.386       91.81596       84.26333    
           2         105   4321.386       91.81127       84.44000    
           2         106   4321.386       91.80664       84.61667    
           2         107   4321.388       91.80206       84.79333    
           2         108   4321.391       91.79755       84.97000    
           2         109   4321.395       91.79294       85.03375    
           2         110   4321.396       91.78831       85.09750    
           2         111   4321.393       91.78368       85.16125    
           2         112   4321.392       91.77901       85.22500    
           2         113   4321.392       91.77385       84.95000    
           2         114   4321.390       91.76837       84.67500    
           2         115   4321.387       91.76254       84.40000    
           2         116   4321.387       91.75635       84.12500    
           2         117   4321.386       91.74976       83.85000    
           2         118   4321.386       91.74276       83.57500    
           2         119   4321.385       91.73532       83.29999    
           2         120   4321.387       91.72742       83.02499    
           2         121   4321.388       91.71947       82.83302    
           2         122   4321.388       91.71124       82.64107    
           2         123   4321.389       91.70272       82.44910    
           2         124   4321.390       91.69397       82.25714    
           2         125   4321.390       91.68665       82.31429    
           2         126   4321.390       91.67925       82.37143    
           2         127   4321.390       91.67178       82.42857    
           2         128   4321.389       91.66425       82.48571    
           2         129   4321.387       91.65666       82.54285    
           2         130   4321.386       91.64903       82.60000    
           2         131   4321.386       91.64135       82.65714    
           2         132   4321.388       91.63364       82.71429    
           2         133   4321.388       91.62590       82.77144    
           2         134   4321.388       91.61813       82.82858    
           2         135   4321.387       91.61034       82.88573    
           2         136   4321.387       91.60254       82.94286    
           2         137   4321.387       91.59472       83.00000    
           2         138   4321.389       91.58688       83.05714    
           2         139   4321.391       91.57905       83.11427    
           2         140   4321.391       91.57120       83.17142    
           2         141   4321.390       91.56335       83.22856    
           2         142   4321.390       91.55550       83.28571    
           2         143   4321.389       91.54765       83.34285    
           2         144   4321.387       91.53979       83.39999    
           2         145   4321.386       91.53194       83.45714    
           2         146   4321.387       91.52409       83.51428    
           2         147   4321.388       91.51625       83.57143    
           2         148   4321.390       91.50841       83.62857    
           2         149   4321.392       91.50058       83.68571    
           2         150   4321.390       91.49301       83.74286    
           2         151   4321.387       91.48569       83.80000    
           2         152   4321.384       91.47840       83.85714    
           2         153   4321.384       91.47111       83.91428    
           2         154   4321.386       91.46384       83.97142    
           2         155   4321.386       91.45658       84.02856    
           2         156   4321.386       91.44933       84.08571    
           2         157   4321.384       91.44211       84.14285    
           2         158   4321.384       91.43488       84.20000    
           2         159   4321.389       91.42768       84.25714    
           2         160   4321.388       91.42050       84.31429    
           2         161   4321.386       91.41332       84.37143    
           2         162   4321.385       91.40617       84.42857    
           2         163   4321.382       91.39902       84.48571    
           2         164   4321.379       91.39189       84.54285    
           2         165   4321.382       91.38475       84.47532    
           2         166   4321.385       91.37767       84.40779    
           2         167   4321.386       91.37064       84.34026    
           2         168   4321.389       91.36366       84.27273    
           2         169   4321.391       91.35674       84.16364    
           2         170   4321.391       91.34988       84.05454    
           2         171   4321.390       91.34308       83.94545    
           2         172   4321.387       91.33636       83.83636    
           2         173   4321.384       91.32969       83.72726    
           2         174   4321.384       91.32310       83.61818    
           2         175   4321.385       91.31657       83.50909    
           2         176   4321.386       91.31010       83.40000    
           2         177   4321.387       91.30370       83.29091    
           2         178   4321.386       91.29737       83.18182    
           2         179   4321.389       91.29110       83.07273    
           2         180   4321.390       91.28490       82.96364    
           2         181   4321.388       91.27876       82.85455    
           2         182   4321.391       91.27268       82.74546    
           2         183   4321.394       91.26668       82.63637    
           2         184   4321.394       91.26073       82.52728    
           2         185   4321.393       91.25484       82.41819    
           2         186   4321.392       91.24902       82.30910    
           2         187   4321.390       91.24327       82.20000    
           2         188   4321.388       91.23757       82.09091    
           2         189   4321.388       91.23193       81.98182    
           2         190   4321.387       91.22636       81.87273    
           2         191   4321.390       91.22085       81.76364    
           2         192   4321.393       91.21540       81.65455    
           2         193   4321.391       91.21001       81.54546    
           2         194   4321.390       91.20468       81.43637    
           2         195   4321.391       91.19941       81.32729    
           2         196   4321.389       91.19420       81.21819    
           2         197   4321.386       91.18904       81.10910    
           2         198   4321.385       91.18394       81.00000    
           2         199   4321.385       91.17891       80.89090    
           2         200   4321.384       91.17393       80.78181    
           2         201   4321.384       91.16901       80.67271    
           2         202   4321.383       91.16414       80.56363    
           2         203   4321.386       91.15932       80.45454    
           2         204   4321.388       91.15457       80.34545    
           2         205   4321.387       91.14987       80.23636    
           2         206   4321.386       91.14523       80.12727    
           2         207   4321.387       91.14063       80.01818    
           2         208   4321.390       91.13610       79.90909    
           2         209   4321.391       91.13161       79.80000    
           2         210   4321.391       91.12718       79.69090    
           2         211   4321.391       91.12280       79.58181    
           2         212   4321.391       91.11848       79.47272    
           2         213   4321.389       91.11420       79.36363    
           2         214   4321.384       91.10998       79.25454    
           2         215   4321.381       91.10580       79.14545    
           2         216   4321.381       91.10168       79.03636    
           2         217   4321.384       91.09760       78.92727    
           2         218   4321.387       91.09357       78.81818    
           2         219   4321.388       91.08959       78.70909    
           2         220   4321.387       91.08566       78.60000    
           2         221   4321.387       91.08178       78.49091    
           2         222   4321.386       91.07794       78.38182    
           2         223   4321.383       91.07416       78.27274    
           2         224   4321.381       91.07041       78.16364    
           2         225   4321.380       91.06671       78.05455    
           2         226   4321.382       91.06306       77.94546    
           2         227   4321.386       91.05945       77.83636    
           2         228   4321.387       91.05589       77.72727    
           2         229   4321.384       91.05267       77.67601    
           2         230   4321.384       91.04961       77.62474    
           2         231   4321.386       91.04670       77.57348    
           2         232   4321.386       91.04393       77.52222    
           2         233   4321.384       91.04184       77.64444    
           2         234   4321.383       91.03999       77.76667    
           2         235   4321.382       91.03834       77.88890    
           2         236   4321.382       91.03687       78.01112    
           2         237   4321.382       91.03555       78.13335    
           2         238   4321.385       91.03437       78.25556    
           2         239   4321.392       91.03331       78.37778    
           2         240   4321.393       91.03234       78.50000    
           2         241   4321.395       91.03146       78.62222    
           2         242   4321.390       91.03066       78.74444    
           2         243   4321.384       91.02992       78.86665    
           2         244   4321.382       91.02924       78.98888    
           2         245   4321.388       91.02862       79.11110    
           2         246   4321.399       91.02805       79.23333    
           2         247   4321.399       91.02750       79.35556    
           2         248   4321.396       91.02701       79.47778    
           2         249   4321.396       91.02650       79.34709    
           2         250   4321.388       91.02599       79.21639    
           2         251   4321.376       91.02548       79.08569    
           2         252   4321.376       91.02499       78.95500    
           2         253   4321.370       91.02448       78.74001    
           2         254   4321.360       91.02395       78.52500    
           2         255   4321.360       91.02342       78.31000    
           2         256   4321.371       91.02288       78.09500    
           2         257   4321.380       91.02234       77.88000    
           2         258   4321.378       91.02178       77.66500    
           2         259   4321.383       91.02122       77.45000    
           2         260   4321.381       91.02065       77.23500    
           2         261   4321.380       91.02007       77.02000    
           2         262   4321.387       91.01948       76.80500    
           2         263   4321.377       91.01888       76.59000    
           2         264   4321.372       91.01827       76.37500    
           2         265   4321.382       91.01765       76.16000    
           2         266   4321.391       91.01702       75.94500    
           2         267   4321.392       91.01638       75.73000    
           2         268   4321.394       91.01573       75.51500    
           2         269   4321.396       91.01507       75.30000    
           2         270   4321.399       91.01440       75.08500    
           2         271   4321.401       91.01371       74.87000    
           2         272   4321.404       91.01302       74.65500    
           2         273   4321.409       91.01231       74.44000    
           2         274   4321.408       91.01158       74.22500    
           2         275   4321.406       91.01085       74.00999    
           2         276   4321.404       91.01010       73.79500    
           2         277   4321.396       91.00935       73.58000    
           2         278   4321.387       91.00857       73.36500    
           2         279   4321.387       91.00778       73.14999    
           2         280   4321.389       91.00698       72.93500    
           2         281   4321.391       91.00616       72.72000    
           2         282   4321.395       91.00533       72.50500    
           2         283   4321.399       91.00449       72.28999    
           2         284   4321.396       91.00362       72.07500    
           2         285   4321.389       91.00274       71.86000    
           2         286   4321.389       91.00185       71.64500    
           2         287   4321.391       91.00093       71.42999    
           2         288   4321.391       91.00000       71.21500    
 Boundary Condition:           0
