 To=    100.000000    
           2           3
         302
 Branch Grid Discharge Level Bottom level
           1           1   3800.00000       93.1823349       87.0000000    
           1           2   3800.00000       93.0793762       86.9840012    
           1           3   3800.00000       93.0000687       86.9680023    
           1           4   3800.00024       92.9403458       86.9520035    
           1           5   3800.00024       92.8952713       86.9359970    
           1           6   3800.00024       92.8594589       86.9199982    
           1           7   3800.00049       92.8305664       86.9039993    
           1           8   3800.00049       92.8069382       86.8880005    
           1           9   3800.00073       92.7873535       86.8720016    
           1          10   3800.00024       92.7709351       86.8560028    
           1          11   3800.00049       92.7570190       86.8399963    
           1          12   3799.99976       92.7451096       86.8239975    
           1          13   3799.99878       92.7348175       86.8079987    
           1          14   3799.99878       92.7258606       86.7919998    
           2           1   3799.99878       92.7258606       86.7919998    
           2           2   3799.99976       92.7180023       86.7760010    
           2           3   3800.00171       92.7110672       86.7600021    
           2           4   3800.00244       92.7049103       86.7440033    
           2           5   3800.00244       92.6994095       86.7280121    
           2           6   3800.00366       92.6944656       86.7120132    
           2           7   3800.00464       92.6900101       86.6960068    
           2           8   3800.00464       92.6859741       86.6800003    
           2           9   3800.00464       92.6822968       86.6639862    
           2          10   3800.00293       92.6789474       86.6479874    
           2          11   3800.00049       92.6758728       86.6319885    
           2          12   3799.99902       92.6730423       86.6159973    
           2          13   3799.99878       92.6698914       86.5316391    
           2          14   3800.00000       92.6666641       86.4472809    
           2          15   3800.00146       92.6633606       86.3629303    
           2          16   3800.00122       92.6599731       86.2785721    
           2          17   3799.99976       92.6562881       86.1714325    
           2          18   3799.99707       92.6523590       86.0642929    
           2          19   3799.99561       92.6481628       85.9571533    
           2          20   3799.99536       92.6436844       85.8499985    
           2          21   3799.99512       92.6388931       85.7428589    
           2          22   3799.99683       92.6337509       85.6357117    
           2          23   3799.99854       92.6282349       85.5285568    
           2          24   3799.99878       92.6222916       85.4214172    
           2          25   3799.99927       92.6158829       85.3142776    
           2          26   3799.99951       92.6089478       85.2071381    
           2          27   3800.00049       92.6014328       85.0999908    
           2          28   3800.00146       92.5932693       84.9928513    
           2          29   3800.00146       92.5843735       84.8857117    
           2          30   3800.00049       92.5746460       84.7785721    
           2          31   3800.00024       92.5639648       84.6714325    
           2          32   3800.00146       92.5522156       84.5642929    
           2          33   3800.00098       92.5392227       84.4571533    
           2          34   3800.00073       92.5247955       84.3500137    
           2          35   3800.00049       92.5086899       84.2428589    
           2          36   3800.00049       92.4911423       84.1357117    
           2          37   3800.00122       92.4718628       84.0285721    
           2          38   3800.00146       92.4499664       83.9214325    
           2          39   3800.00049       92.4248962       83.8142929    
           2          40   3799.99902       92.3959045       83.7071533    
           2          41   3799.99902       92.3666077       83.6166229    
           2          42   3799.99976       92.3370667       83.5260773    
           2          43   3799.99976       92.3072815       83.4355392    
           2          44   3800.00000       92.2772522       83.3450012    
           2          45   3800.00049       92.2483902       83.2600021    
           2          46   3799.99951       92.2207413       83.1750031    
           2          47   3799.99976       92.1942596       83.0899963    
           2          48   3800.00171       92.1689377       83.0049973    
           2          49   3800.00220       92.1447220       82.9199982    
           2          50   3800.00122       92.1215897       82.8349991    
           2          51   3800.00049       92.0994949       82.7500000    
           2          52   3800.00195       92.0783997       82.6650009    
           2          53   3800.00269       92.0582809       82.5800018    
           2          54   3800.00244       92.0390930       82.4950027    
           2          55   3800.00146       92.0207977       82.4100037    
           2          56   3800.00049       92.0033493       82.3249969    
           2          57   3800.00098       91.9872360       82.2399979    
           2          58   3800.00244       91.9723892       82.1549988    
           2          59   3800.00342       91.9582672       82.0699997    
           2          60   3800.00269       91.9448242       81.9850006    
           2          61   3800.00220       91.9320297       81.9000015    
           2          62   3800.00220       91.9198532       81.8150024    
           2          63   3800.00293       91.9082565       81.7300034    
           2          64   3800.00293       91.8972092       81.6449966    
           2          65   3800.00293       91.8866959       81.5599976    
           2          66   3800.00293       91.8766708       81.4749985    
           2          67   3800.00269       91.8671265       81.3899994    
           2          68   3800.00293       91.8580246       81.3050003    
           2          69   3800.00293       91.8493500       81.2199936    
           2          70   3800.00269       91.8410721       81.1349869    
           2          71   3800.00244       91.8331833       81.0499878    
           2          72   3800.00366       91.8256454       80.9649963    
           2          73   3800.00415       91.8184586       80.8799973    
           2          74   3800.00269       91.8115997       80.7949982    
           2          75   3800.00146       91.8050385       80.7099991    
           2          76   3800.00098       91.7987747       80.6250000    
           2          77   3800.00049       91.7927856       80.5400009    
           2          78   3800.00024       91.7870636       80.4550018    
           2          79   3800.00000       91.7815857       80.3700027    
           2          80   3800.00000       91.7763519       80.2850037    
           2          81   3800.00049       91.7713852       80.3962631    
           2          82   3800.00073       91.7664413       80.5075073    
           2          83   3800.00098       91.7615356       80.6187592    
           2          84   3800.00098       91.7566605       80.7300034    
           2          85   3800.00220       91.7518387       80.9066620    
           2          86   3800.00293       91.7470169       81.0833282    
           2          87   3800.00269       91.7422028       81.2599869    
           2          88   3800.00269       91.7373962       81.4366608    
           2          89   3800.00293       91.7326126       81.6133270    
           2          90   3800.00195       91.7278519       81.7899933    
           2          91   3800.00073       91.7231140       81.9666595    
           2          92   3800.00269       91.7184067       82.1433334    
           2          93   3800.00464       91.7137451       82.3200073    
           2          94   3800.00464       91.7091141       82.4966736    
           2          95   3800.00488       91.7045288       82.6733398    
           2          96   3800.00537       91.6999817       82.8499985    
           2          97   3800.00562       91.6954803       83.0266571    
           2          98   3800.00659       91.6910248       83.2033310    
           2          99   3800.00488       91.6866150       83.3799973    
           2         100   3800.00488       91.6822433       83.5566635    
           2         101   3800.00757       91.6779327       83.7333374    
           2         102   3800.00781       91.6736603       83.9100037    
           2         103   3800.00732       91.6694412       84.0866699    
           2         104   3800.00757       91.6652679       84.2633286    
           2         105   3800.00513       91.6611481       84.4400024    
           2         106   3800.00293       91.6570663       84.6166687    
           2         107   3800.00293       91.6530380       84.7933273    
           2         108   3800.00244       91.6490555       84.9700012    
           2         109   3800.00122       91.6449966       85.0337524    
           2         110   3800.00122       91.6409302       85.0975037    
           2         111   3800.00220       91.6368408       85.1612473    
           2         112   3800.00439       91.6327362       85.2249985    
           2         113   3800.00610       91.6282272       84.9499969    
           2         114   3800.00610       91.6234589       84.6750031    
           2         115   3800.00464       91.6184082       84.4000015    
           2         116   3800.00269       91.6130600       84.1250000    
           2         117   3800.00342       91.6073990       83.8499985    
           2         118   3800.00317       91.6014099       83.5749969    
           2         119   3800.00415       91.5950851       83.2999878    
           2         120   3800.00586       91.5884247       83.0249863    
           2         121   3800.00635       91.5817337       82.8330231    
           2         122   3800.00562       91.5748367       82.6410675    
           2         123   3800.00415       91.5677490       82.4490967    
           2         124   3800.00415       91.5605087       82.2571411    
           2         125   3800.00391       91.5543976       82.3142929    
           2         126   3800.00366       91.5482101       82.3714294    
           2         127   3800.00342       91.5419617       82.4285736    
           2         128   3800.00391       91.5356522       82.4857101    
           2         129   3800.00439       91.5292892       82.5428467    
           2         130   3800.00439       91.5228806       82.5999985    
           2         131   3800.00439       91.5164337       82.6571426    
           2         132   3800.00586       91.5099487       82.7142868    
           2         133   3800.00732       91.5034409       82.7714386    
           2         134   3800.00781       91.4971161       82.8285828    
           2         135   3800.00854       91.4909821       82.8857269    
           2         136   3800.00928       91.4848328       82.9428635    
           2         137   3800.00806       91.4786758       83.0000000    
           2         138   3800.00684       91.4725037       83.0571365    
           2         139   3800.00854       91.4663239       83.1142731    
           2         140   3800.01050       91.4601517       83.1714172    
           2         141   3800.01147       91.4539719       83.2285614    
           2         142   3800.01245       91.4477921       83.2857132    
           2         143   3800.01318       91.4416122       83.3428497    
           2         144   3800.01172       91.4354401       83.3999863    
           2         145   3800.00977       91.4292679       83.4571381    
           2         146   3800.00977       91.4231033       83.5142822    
           2         147   3800.00903       91.4169464       83.5714264    
           2         148   3800.00684       91.4108047       83.6285706    
           2         149   3800.00513       91.4046631       83.6857071    
           2         150   3800.00586       91.3985367       83.7428589    
           2         151   3800.00659       91.3924179       83.8000031    
           2         152   3800.00854       91.3863068       83.8571396    
           2         153   3800.01074       91.3802185       83.9142838    
           2         154   3800.01123       91.3741379       83.9714203    
           2         155   3800.01392       91.3680649       84.0285568    
           2         156   3800.01660       91.3620148       84.0857086    
           2         157   3800.01685       91.3559723       84.1428528    
           2         158   3800.01685       91.3499451       84.1999969    
           2         159   3800.01709       91.3439331       84.2571411    
           2         160   3800.01807       91.3379364       84.3142929    
           2         161   3800.01807       91.3319473       84.3714294    
           2         162   3800.01758       91.3259811       84.4285736    
           2         163   3800.02051       91.3200226       84.4857101    
           2         164   3800.02393       91.3140869       84.5428467    
           2         165   3800.02173       91.3081512       84.4753189    
           2         166   3800.01929       91.3022614       84.4077911    
           2         167   3800.01855       91.2964249       84.3402634    
           2         168   3800.01514       91.2906494       84.2727280    
           2         169   3800.01294       91.2849121       84.1636429    
           2         170   3800.01636       91.2792358       84.0545425    
           2         171   3800.01831       91.2736282       83.9454498    
           2         172   3800.01514       91.2680893       83.8363571    
           2         173   3800.01367       91.2626038       83.7272568    
           2         174   3800.01465       91.2571793       83.6181793    
           2         175   3800.01709       91.2518158       83.5090866    
           2         176   3800.02026       91.2465210       83.4000015    
           2         177   3800.02002       91.2412796       83.2909088    
           2         178   3800.01685       91.2361069       83.1818237    
           2         179   3800.01636       91.2309799       83.0727310    
           2         180   3800.01611       91.2259293       82.9636383    
           2         181   3800.01343       91.2209244       82.8545532    
           2         182   3800.01245       91.2159805       82.7454605    
           2         183   3800.01099       91.2110977       82.6363678    
           2         184   3800.01270       91.2062683       82.5272827    
           2         185   3800.01733       91.2014999       82.4181900    
           2         186   3800.02026       91.1967926       82.3090973    
           2         187   3800.01831       91.1921387       82.1999969    
           2         188   3800.01392       91.1875381       82.0909119    
           2         189   3800.01367       91.1829834       81.9818192    
           2         190   3800.01611       91.1784973       81.8727264    
           2         191   3800.01538       91.1740570       81.7636414    
           2         192   3800.01489       91.1696777       81.6545486    
           2         193   3800.01440       91.1653442       81.5454636    
           2         194   3800.01416       91.1610718       81.4363708    
           2         195   3800.01514       91.1568451       81.3272934    
           2         196   3800.01562       91.1526718       81.2181931    
           2         197   3800.01807       91.1485443       81.1091003    
           2         198   3800.02051       91.1444778       81.0000000    
           2         199   3800.02100       91.1404572       80.8908997    
           2         200   3800.02075       91.1364822       80.7818069    
           2         201   3800.01978       91.1325607       80.6727066    
           2         202   3800.02197       91.1286850       80.5636292    
           2         203   3800.02441       91.1248627       80.4545364    
           2         204   3800.02490       91.1210861       80.3454514    
           2         205   3800.02563       91.1173553       80.2363586    
           2         206   3800.02612       91.1136703       80.1272736    
           2         207   3800.02588       91.1100311       80.0181808    
           2         208   3800.02466       91.1064377       79.9090881    
           2         209   3800.02173       91.1028976       79.8000031    
           2         210   3800.02197       91.0993881       79.6909027    
           2         211   3800.02417       91.0959320       79.5818100    
           2         212   3800.02148       91.0925217       79.4727173    
           2         213   3800.01978       91.0891495       79.3636322    
           2         214   3800.01831       91.0858231       79.2545395    
           2         215   3800.01709       91.0825348       79.1454468    
           2         216   3800.02026       91.0792847       79.0363617    
           2         217   3800.02051       91.0760880       78.9272690    
           2         218   3800.01807       91.0729218       78.8181763    
           2         219   3800.01855       91.0698013       78.7090912    
           2         220   3800.01978       91.0667191       78.5999985    
           2         221   3800.02051       91.0636749       78.4909134    
           2         222   3800.02051       91.0606689       78.3818207    
           2         223   3800.02295       91.0577011       78.2727432    
           2         224   3800.02612       91.0547791       78.1636429    
           2         225   3800.02734       91.0518875       78.0545502    
           2         226   3800.02832       91.0490341       77.9454575    
           2         227   3800.02954       91.0462189       77.8363571    
           2         228   3800.03003       91.0434341       77.7272720    
           2         229   3800.02710       91.0409317       77.6760101    
           2         230   3800.02466       91.0385437       77.6247406    
           2         231   3800.02734       91.0362701       77.5734787    
           2         232   3800.03027       91.0341110       77.5222168    
           2         233   3800.03125       91.0324860       77.6444397    
           2         234   3800.02808       91.0310440       77.7666702    
           2         235   3800.02344       91.0297546       77.8889008    
           2         236   3800.02051       91.0286102       78.0111237    
           2         237   3800.01782       91.0275879       78.1333466    
           2         238   3800.02148       91.0266647       78.2555618    
           2         239   3800.02686       91.0258408       78.3777771    
           2         240   3800.02686       91.0250854       78.5000000    
           2         241   3800.01978       91.0244064       78.6222229    
           2         242   3800.01929       91.0237732       78.7444382    
           2         243   3800.01831       91.0232086       78.8666534    
           2         244   3800.01855       91.0226746       78.9888763    
           2         245   3800.02734       91.0221939       79.1110992    
           2         246   3800.02979       91.0217438       79.2333298    
           2         247   3800.02881       91.0213242       79.3555603    
           2         248   3800.01880       91.0209427       79.4777832    
           2         249   3800.00806       91.0205383       79.3470917    
           2         250   3800.01343       91.0201416       79.2163925    
           2         251   3800.01978       91.0197525       79.0856934    
           2         252   3800.01636       91.0193634       78.9550018    
           2         253   3800.01514       91.0189667       78.7400131    
           2         254   3800.01709       91.0185623       78.5250015    
           2         255   3800.01855       91.0181503       78.3099976    
           2         256   3800.01587       91.0177307       78.0950012    
           2         257   3800.01538       91.0173111       77.8799973    
           2         258   3800.01050       91.0168762       77.6650009    
           2         259   3800.00293       91.0164413       77.4499969    
           2         260   3800.00293       91.0159988       77.2350006    
           2         261   3800.00513       91.0155487       77.0199966    
           2         262   3800.00830       91.0150909       76.8050003    
           2         263   3800.01196       91.0146255       76.5899963    
           2         264   3800.01562       91.0141525       76.3750000    
           2         265   3800.01929       91.0136719       76.1600037    
           2         266   3800.02295       91.0131836       75.9449997    
           2         267   3800.02759       91.0126877       75.7300034    
           2         268   3800.02295       91.0121841       75.5149994    
           2         269   3800.01440       91.0116653       75.3000031    
           2         270   3800.01465       91.0111465       75.0849991    
           2         271   3800.01489       91.0106125       74.8700027    
           2         272   3800.02100       91.0100708       74.6549988    
           2         273   3800.03589       91.0095215       74.4400024    
           2         274   3800.04175       91.0089645       74.2249985    
           2         275   3800.04224       91.0084000       74.0099869    
           2         276   3800.04517       91.0078201       73.7949982    
           2         277   3800.04810       91.0072327       73.5800018    
           2         278   3800.04907       91.0066299       73.3649979    
           2         279   3800.04712       91.0060196       73.1499863    
           2         280   3800.04712       91.0054016       72.9349976    
           2         281   3800.04907       91.0047684       72.7200012    
           2         282   3800.05542       91.0041199       72.5049973    
           2         283   3800.05518       91.0034714       72.2899933    
           2         284   3800.04907       91.0028000       72.0749969    
           2         285   3800.05029       91.0021210       71.8600006    
           2         286   3800.05176       91.0014267       71.6449966    
           2         287   3800.05005       91.0007172       71.4299927    
           2         288   3800.04810       91.0000000       71.2149963    
 Boundary Condition:           0
