 To=    100.000000    
           2           3
         302
 Branch Grid Discharge Level Bottom level
           1           1   3800.00000       93.3625488       87.0000000    
           1           2   3799.99927       93.2807312       86.9840012    
           1           3   3799.99854       93.2181625       86.9680023    
           1           4   3799.99854       93.1696243       86.9520035    
           1           5   3799.99805       93.1313705       86.9359970    
           1           6   3799.99829       93.1007538       86.9199982    
           1           7   3799.99829       93.0758743       86.9039993    
           1           8   3799.99854       93.0553894       86.8880005    
           1           9   3799.99878       93.0382996       86.8720016    
           1          10   3799.99878       93.0238876       86.8560028    
           1          11   3799.99902       93.0116043       86.8399963    
           1          12   3799.99951       93.0010376       86.8239975    
           1          13   3800.00000       92.9921417       86.8079987    
           1          14   3800.00049       92.9846344       86.7919998    
           2           1   4300.00049       92.9846344       86.7919998    
           2           2   4300.00146       92.9761581       86.7760010    
           2           3   4300.00293       92.9686508       86.7600021    
           2           4   4300.00342       92.9619522       86.7440033    
           2           5   4300.00342       92.9559402       86.7280121    
           2           6   4300.00293       92.9505310       86.7120132    
           2           7   4300.00244       92.9456329       86.6960068    
           2           8   4300.00244       92.9411850       86.6800003    
           2           9   4300.00293       92.9371262       86.6639862    
           2          10   4300.00342       92.9334106       86.6479874    
           2          11   4300.00342       92.9299927       86.6319885    
           2          12   4300.00293       92.9268494       86.6159973    
           2          13   4300.00146       92.9233322       86.5316391    
           2          14   4300.00049       92.9197235       86.4472809    
           2          15   4300.00049       92.9160309       86.3629303    
           2          16   4300.00098       92.9122543       86.2785721    
           2          17   4300.00049       92.9081421       86.1714325    
           2          18   4299.99902       92.9037628       86.0642929    
           2          19   4299.99854       92.8991089       85.9571533    
           2          20   4300.00000       92.8941422       85.8499985    
           2          21   4300.00146       92.8888474       85.7428589    
           2          22   4300.00195       92.8831787       85.6357117    
           2          23   4300.00195       92.8771057       85.5285568    
           2          24   4300.00244       92.8705826       85.4214172    
           2          25   4300.00391       92.8635635       85.3142776    
           2          26   4300.00488       92.8560028       85.2071381    
           2          27   4300.00537       92.8478317       85.0999908    
           2          28   4300.00537       92.8389740       84.9928513    
           2          29   4300.00488       92.8293533       84.8857117    
           2          30   4300.00488       92.8188782       84.7785721    
           2          31   4300.00537       92.8074265       84.6714325    
           2          32   4300.00586       92.7948685       84.5642929    
           2          33   4300.00586       92.7810440       84.4571533    
           2          34   4300.00586       92.7657623       84.3500137    
           2          35   4300.00537       92.7487946       84.2428589    
           2          36   4300.00537       92.7298508       84.1357117    
           2          37   4300.00488       92.7085800       84.0285721    
           2          38   4300.00488       92.6845322       83.9214325    
           2          39   4300.00488       92.6571274       83.8142929    
           2          40   4300.00488       92.6256104       83.7071533    
           2          41   4300.00635       92.5936966       83.6166229    
           2          42   4300.00684       92.5614166       83.5260773    
           2          43   4300.00586       92.5287323       83.4355392    
           2          44   4300.00537       92.4966202       83.3450012    
           2          45   4300.00537       92.4666061       83.2600021    
           2          46   4300.00488       92.4377289       83.1750031    
           2          47   4300.00488       92.4099808       83.0899963    
           2          48   4300.00537       92.3833237       83.0049973    
           2          49   4300.00684       92.3577347       82.9199982    
           2          50   4300.00684       92.3331985       82.8349991    
           2          51   4300.00537       92.3096619       82.7500000    
           2          52   4300.00488       92.2871170       82.6650009    
           2          53   4300.00488       92.2655182       82.5800018    
           2          54   4300.00537       92.2448425       82.4950027    
           2          55   4300.00537       92.2250443       82.4100037    
           2          56   4300.00488       92.2061081       82.3249969    
           2          57   4300.00439       92.1879883       82.2399979    
           2          58   4300.00488       92.1706619       82.1549988    
           2          59   4300.00586       92.1540833       82.0699997    
           2          60   4300.00586       92.1382446       81.9850006    
           2          61   4300.00488       92.1230927       81.9000015    
           2          62   4300.00537       92.1086044       81.8150024    
           2          63   4300.00586       92.0947571       81.7300034    
           2          64   4300.00586       92.0815125       81.6449966    
           2          65   4300.00586       92.0688553       81.5599976    
           2          66   4300.00635       92.0567474       81.4749985    
           2          67   4300.00781       92.0451660       81.3899994    
           2          68   4300.00879       92.0340958       81.3050003    
           2          69   4300.00830       92.0235062       81.2199936    
           2          70   4300.00830       92.0133743       81.1349869    
           2          71   4300.00830       92.0036774       81.0499878    
           2          72   4300.00781       91.9946823       80.9649963    
           2          73   4300.00732       91.9863586       80.8799973    
           2          74   4300.00684       91.9783936       80.7949982    
           2          75   4300.00684       91.9707718       80.7099991    
           2          76   4300.00684       91.9634705       80.6250000    
           2          77   4300.00635       91.9564819       80.5400009    
           2          78   4300.00488       91.9497910       80.4550018    
           2          79   4300.00439       91.9433746       80.3700027    
           2          80   4300.00488       91.9372253       80.2850037    
           2          81   4300.00488       91.9314194       80.3962631    
           2          82   4300.00635       91.9256516       80.5075073    
           2          83   4300.00635       91.9199371       80.6187592    
           2          84   4300.00537       91.9142609       80.7300034    
           2          85   4300.00537       91.9086685       80.9066620    
           2          86   4300.00537       91.9030762       81.0833282    
           2          87   4300.00488       91.8975067       81.2599869    
           2          88   4300.00342       91.8919601       81.4366608    
           2          89   4300.00098       91.8864365       81.6133270    
           2          90   4300.00098       91.8809586       81.7899933    
           2          91   4300.00342       91.8755112       81.9666595    
           2          92   4300.00488       91.8701172       82.1433334    
           2          93   4300.00488       91.8647690       82.3200073    
           2          94   4300.00684       91.8594666       82.4966736    
           2          95   4300.00879       91.8542252       82.6733398    
           2          96   4300.00684       91.8490372       82.8499985    
           2          97   4300.00684       91.8438950       83.0266571    
           2          98   4300.00928       91.8388214       83.2033310    
           2          99   4300.00977       91.8338013       83.3799973    
           2         100   4300.01221       91.8288345       83.5566635    
           2         101   4300.01514       91.8239365       83.7333374    
           2         102   4300.01611       91.8190918       83.9100037    
           2         103   4300.01416       91.8143082       84.0866699    
           2         104   4300.01221       91.8095779       84.2633286    
           2         105   4300.01221       91.8049088       84.4400024    
           2         106   4300.01318       91.8003006       84.6166687    
           2         107   4300.01416       91.7957458       84.7933273    
           2         108   4300.01123       91.7912521       84.9700012    
           2         109   4300.00781       91.7866592       85.0337524    
           2         110   4300.00977       91.7820511       85.0975037    
           2         111   4300.01270       91.7774353       85.1612473    
           2         112   4300.01611       91.7727890       85.2249985    
           2         113   4300.01855       91.7676544       84.9499969    
           2         114   4300.01709       91.7621994       84.6750031    
           2         115   4300.01416       91.7564087       84.4000015    
           2         116   4300.01123       91.7502441       84.1250000    
           2         117   4300.01123       91.7436981       83.8499985    
           2         118   4300.01172       91.7367325       83.5749969    
           2         119   4300.01221       91.7293396       83.2999878    
           2         120   4300.01416       91.7214890       83.0249863    
           2         121   4300.01562       91.7135925       82.8330231    
           2         122   4300.01611       91.7054062       82.6410675    
           2         123   4300.01709       91.6969528       82.4490967    
           2         124   4300.01758       91.6882629       82.2571411    
           2         125   4300.01807       91.6809921       82.3142929    
           2         126   4300.01807       91.6736374       82.3714294    
           2         127   4300.01904       91.6662140       82.4285736    
           2         128   4300.02100       91.6587296       82.4857101    
           2         129   4300.02100       91.6511993       82.5428467    
           2         130   4300.01953       91.6436081       82.5999985    
           2         131   4300.02051       91.6359787       82.6571426    
           2         132   4300.02148       91.6283188       82.7142868    
           2         133   4300.02100       91.6206284       82.7714386    
           2         134   4300.01953       91.6129150       82.8285828    
           2         135   4300.01855       91.6051712       82.8857269    
           2         136   4300.01855       91.5974121       82.9428635    
           2         137   4300.01709       91.5896454       83.0000000    
           2         138   4300.01514       91.5818558       83.0571365    
           2         139   4300.01465       91.5740662       83.1142731    
           2         140   4300.01562       91.5662689       83.1714172    
           2         141   4300.01611       91.5584641       83.2285614    
           2         142   4300.01660       91.5506592       83.2857132    
           2         143   4300.01709       91.5428543       83.3428497    
           2         144   4300.01855       91.5350494       83.3999863    
           2         145   4300.01855       91.5272446       83.4571381    
           2         146   4300.01953       91.5194473       83.5142822    
           2         147   4300.02002       91.5116501       83.5714264    
           2         148   4300.02002       91.5038605       83.6285706    
           2         149   4300.02197       91.4963226       83.6857071    
           2         150   4300.02441       91.4890518       83.7428589    
           2         151   4300.02490       91.4817886       83.8000031    
           2         152   4300.02295       91.4745407       83.8571396    
           2         153   4300.02148       91.4673004       83.9142838    
           2         154   4300.02246       91.4600754       83.9714203    
           2         155   4300.02344       91.4528656       84.0285568    
           2         156   4300.02197       91.4456711       84.0857086    
           2         157   4300.02002       91.4384842       84.1428528    
           2         158   4300.01807       91.4313202       84.1999969    
           2         159   4300.01611       91.4241638       84.2571411    
           2         160   4300.01660       91.4170227       84.3142929    
           2         161   4300.01562       91.4098969       84.3714294    
           2         162   4300.01514       91.4027863       84.4285736    
           2         163   4300.01416       91.3956909       84.4857101    
           2         164   4300.01367       91.3886108       84.5428467    
           2         165   4300.01465       91.3815231       84.4753189    
           2         166   4300.01562       91.3744888       84.4077911    
           2         167   4300.01709       91.3675079       84.3402634    
           2         168   4300.01758       91.3605804       84.2727280    
           2         169   4300.01758       91.3536987       84.1636429    
           2         170   4300.01709       91.3468857       84.0545425    
           2         171   4300.01660       91.3401413       83.9454498    
           2         172   4300.01416       91.3334656       83.8363571    
           2         173   4300.01416       91.3268433       83.7272568    
           2         174   4300.01416       91.3203049       83.6181793    
           2         175   4300.01221       91.3138199       83.5090866    
           2         176   4300.01270       91.3074036       83.4000015    
           2         177   4300.01318       91.3010559       83.2909088    
           2         178   4300.01514       91.2947693       83.1818237    
           2         179   4300.01807       91.2885437       83.0727310    
           2         180   4300.02148       91.2823944       82.9636383    
           2         181   4300.02148       91.2762985       82.8545532    
           2         182   4300.02051       91.2702713       82.7454605    
           2         183   4300.02246       91.2643051       82.6363678    
           2         184   4300.02490       91.2584076       82.5272827    
           2         185   4300.02441       91.2525711       82.4181900    
           2         186   4300.02393       91.2467957       82.3090973    
           2         187   4300.02148       91.2410889       82.1999969    
           2         188   4300.02002       91.2354355       82.0909119    
           2         189   4300.02002       91.2298431       81.9818192    
           2         190   4300.02002       91.2243195       81.8727264    
           2         191   4300.02002       91.2188492       81.7636414    
           2         192   4300.02002       91.2134476       81.6545486    
           2         193   4300.02148       91.2080994       81.5454636    
           2         194   4300.02148       91.2028122       81.4363708    
           2         195   4300.02197       91.1975861       81.3272934    
           2         196   4300.02002       91.1924210       81.2181931    
           2         197   4300.01904       91.1873093       81.1091003    
           2         198   4300.01758       91.1822586       81.0000000    
           2         199   4300.01611       91.1772614       80.8908997    
           2         200   4300.01758       91.1723251       80.7818069    
           2         201   4300.01855       91.1674423       80.6727066    
           2         202   4300.01660       91.1626205       80.5636292    
           2         203   4300.01660       91.1578445       80.4545364    
           2         204   4300.01660       91.1531372       80.3454514    
           2         205   4300.01465       91.1484756       80.2363586    
           2         206   4300.01709       91.1438675       80.1272736    
           2         207   4300.02002       91.1393204       80.0181808    
           2         208   4300.02246       91.1348190       79.9090881    
           2         209   4300.02539       91.1303787       79.8000031    
           2         210   4300.02490       91.1259842       79.6909027    
           2         211   4300.02246       91.1216507       79.5818100    
           2         212   4300.01953       91.1173553       79.4727173    
           2         213   4300.01953       91.1131210       79.3636322    
           2         214   4300.01953       91.1089325       79.2545395    
           2         215   4300.02002       91.1047974       79.1454468    
           2         216   4300.02051       91.1007080       79.0363617    
           2         217   4300.02051       91.0966721       78.9272690    
           2         218   4300.02148       91.0926819       78.8181763    
           2         219   4300.02148       91.0887375       78.7090912    
           2         220   4300.02197       91.0848465       78.5999985    
           2         221   4300.02002       91.0810013       78.4909134    
           2         222   4300.02002       91.0771942       78.3818207    
           2         223   4300.02490       91.0734406       78.2727432    
           2         224   4300.02637       91.0697327       78.1636429    
           2         225   4300.02539       91.0660706       78.0545502    
           2         226   4300.02441       91.0624542       77.9454575    
           2         227   4300.02686       91.0588760       77.8363571    
           2         228   4300.02979       91.0553513       77.7272720    
           2         229   4300.02783       91.0521698       77.6760101    
           2         230   4300.02344       91.0491409       77.6247406    
           2         231   4300.02051       91.0462494       77.5734787    
           2         232   4300.02100       91.0435028       77.5222168    
           2         233   4300.02197       91.0414352       77.6444397    
           2         234   4300.02051       91.0395966       77.7666702    
           2         235   4300.02295       91.0379639       77.8889008    
           2         236   4300.02783       91.0365143       78.0111237    
           2         237   4300.02832       91.0352097       78.1333466    
           2         238   4300.02979       91.0340424       78.2555618    
           2         239   4300.02979       91.0329819       78.3777771    
           2         240   4300.02979       91.0320282       78.5000000    
           2         241   4300.03613       91.0311508       78.6222229    
           2         242   4300.03906       91.0303574       78.7444382    
           2         243   4300.03809       91.0296326       78.8666534    
           2         244   4300.04053       91.0289612       78.9888763    
           2         245   4300.04248       91.0283432       79.1110992    
           2         246   4300.04541       91.0277710       79.2333298    
           2         247   4300.04541       91.0272369       79.3555603    
           2         248   4300.03516       91.0267487       79.4777832    
           2         249   4300.02588       91.0262375       79.3470917    
           2         250   4300.02295       91.0257339       79.2163925    
           2         251   4300.02344       91.0252380       79.0856934    
           2         252   4300.02832       91.0247421       78.9550018    
           2         253   4300.02979       91.0242310       78.7400131    
           2         254   4300.03760       91.0237122       78.5250015    
           2         255   4300.04785       91.0231934       78.3099976    
           2         256   4300.04834       91.0226593       78.0950012    
           2         257   4300.04492       91.0221176       77.8799973    
           2         258   4300.03516       91.0215759       77.6650009    
           2         259   4300.02539       91.0210114       77.4499969    
           2         260   4300.02148       91.0204468       77.2350006    
           2         261   4300.02246       91.0198746       77.0199966    
           2         262   4300.02393       91.0192871       76.8050003    
           2         263   4300.02051       91.0186920       76.5899963    
           2         264   4300.01709       91.0180893       76.3750000    
           2         265   4300.01758       91.0174789       76.1600037    
           2         266   4300.01904       91.0168533       75.9449997    
           2         267   4300.01904       91.0162201       75.7300034    
           2         268   4300.01270       91.0155792       75.5149994    
           2         269   4300.01270       91.0149155       75.3000031    
           2         270   4300.01904       91.0142517       75.0849991    
           2         271   4300.01562       91.0135727       74.8700027    
           2         272   4300.01465       91.0128860       74.6549988    
           2         273   4300.01611       91.0121841       74.4400024    
           2         274   4300.01465       91.0114670       74.2249985    
           2         275   4300.01172       91.0107422       74.0099869    
           2         276   4300.00977       91.0100021       73.7949982    
           2         277   4300.00195       91.0092545       73.5800018    
           2         278   4299.99463       91.0084839       73.3649979    
           2         279   4299.99463       91.0077057       73.1499863    
           2         280   4299.99707       91.0069122       72.9349976    
           2         281   4299.99951       91.0061035       72.7200012    
           2         282   4300.00244       91.0052795       72.5049973    
           2         283   4300.00439       91.0044403       72.2899933    
           2         284   4300.00684       91.0035858       72.0749969    
           2         285   4300.00977       91.0027161       71.8600006    
           2         286   4300.00977       91.0018234       71.6449966    
           2         287   4300.00879       91.0009232       71.4299927    
           2         288   4300.01025       91.0000000       71.2149963    
 Boundary Condition:           0
