1   14  10       89.500000    5.000000E-01
           1           1   200.0000    
           1           2   433.3333    
           1           3   666.6667    
           1           4   900.0000    
           1           5   1361.656    
           1           6   1846.154    
           1           7   2353.495    
           1           8   2883.678    
           1           9   3436.703    
           1          10   4012.570    
           2           1   447.7735    
           2           2   707.5190    
           2           3   969.8838    
           2           4   1234.867    
           2           5   1712.527    
           2           6   2213.822    
           2           7   2738.751    
           2           8   3287.313    
           2           9   3859.510    
           2          10   4455.340    
           3           1   695.5470    
           3           2   981.7047    
           3           3   1273.101    
           3           4   1569.735    
           3           5   2063.399    
           3           6   2581.490    
           3           7   3124.007    
           3           8   3690.949    
           3           9   4282.317    
           3          10   4898.111    
           4           1   943.3205    
           4           2   1255.890    
           4           3   1576.318    
           4           4   1904.603    
           4           5   2414.271    
           4           6   2949.157    
           4           7   3509.263    
           4           8   4094.584    
           4           9   4705.124    
           4          10   5340.881    
           5           1   1191.094    
           5           2   1530.076    
           5           3   1879.535    
           5           4   2239.471    
           5           5   2765.143    
           5           6   3316.825    
           5           7   3894.518    
           5           8   4498.219    
           5           9   5127.931    
           5          10   5783.652    
           6           1   1438.867    
           6           2   1804.262    
           6           3   2182.752    
           6           4   2574.339    
           6           5   3116.015    
           6           6   3684.493    
           6           7   4279.774    
           6           8   4901.854    
           6           9   5550.738    
           6          10   6226.422    
           7           1   1686.641    
           7           2   2078.448    
           7           3   2485.969    
           7           4   2909.207    
           7           5   3466.886    
           7           6   4052.161    
           7           7   4665.030    
           7           8   5305.489    
           7           9   5973.546    
           7          10   6669.192    
           8           1   1934.415    
           8           2   2352.634    
           8           3   2789.187    
           8           4   3244.075    
           8           5   3817.758    
           8           6   4419.829    
           8           7   5050.286    
           8           8   5709.124    
           8           9   6396.353    
           8          10   7111.962    
           9           1   2182.188    
           9           2   2626.819    
           9           3   3092.404    
           9           4   3578.943    
           9           5   4168.630    
           9           6   4787.497    
           9           7   5435.542    
           9           8   6112.760    
           9           9   6819.160    
           9          10   7554.733    
          10           1   2429.961    
          10           2   2901.004    
          10           3   3395.621    
          10           4   3913.811    
          10           5   4519.502    
          10           6   5155.165    
          10           7   5820.798    
          10           8   6516.395    
          10           9   7241.967    
          10          10   7997.503    
          11           1   2677.735    
          11           2   3175.190    
          11           3   3698.838    
          11           4   4248.679    
          11           5   4870.374    
          11           6   5522.833    
          11           7   6206.053    
          11           8   6920.030    
          11           9   7664.774    
          11          10   8440.273    
          12           1   2925.509    
          12           2   3449.376    
          12           3   4002.055    
          12           4   4583.547    
          12           5   5221.246    
          12           6   5890.500    
          12           7   6591.309    
          12           8   7323.665    
          12           9   8087.581    
          12          10   8883.044    
          13           1   3173.282    
          13           2   3723.562    
          13           3   4305.272    
          13           4   4918.414    
          13           5   5572.117    
          13           6   6258.168    
          13           7   6976.564    
          13           8   7727.301    
          13           9   8510.388    
          13          10   9325.814    
          14           1   3421.056    
          14           2   3997.748    
          14           3   4608.489    
          14           4   5253.282    
          14           5   5922.988    
          14           6   6625.835    
          14           7   7361.820    
          14           8   8130.936    
          14           9   8933.195    
          14          10   9768.588    
